,Date,Cases,Daily Cases,Deaths
0,2020-01-22,,,
1,2020-01-23,,,
2,2020-01-24,,,
3,2020-01-25,,,
4,2020-01-26,,,
5,2020-01-27,,,
6,2020-01-28,,,
7,2020-01-29,,,
8,2020-01-30,,,
9,2020-01-31,,,
10,2020-02-01,,,
11,2020-02-02,,,
12,2020-02-03,,,
13,2020-02-04,,,
14,2020-02-05,,,
15,2020-02-06,,,
16,2020-02-07,,,
17,2020-02-08,,,
18,2020-02-09,,,
19,2020-02-10,,,
20,2020-02-11,,,
21,2020-02-12,,,
22,2020-02-13,,,
23,2020-02-14,,,
24,2020-02-15,,,
25,2020-02-16,,,
26,2020-02-17,,,
27,2020-02-18,,,
28,2020-02-19,,,
29,2020-02-20,,,
30,2020-02-21,,,
31,2020-02-22,,,
32,2020-02-23,,,
33,2020-02-24,,,
34,2020-02-25,,,
35,2020-02-26,,,
36,2020-02-27,,,
37,2020-02-28,,,
38,2020-02-29,,,
39,2020-03-01,,,
40,2020-03-02,,,
41,2020-03-03,,,
42,2020-03-04,,,
43,2020-03-05,,,
44,2020-03-06,,,
45,2020-03-07,,,
46,2020-03-08,,,
47,2020-03-09,,,
48,2020-03-10,,,
49,2020-03-11,,,
50,2020-03-12,,,
51,2020-03-13,,,
52,2020-03-14,,,
53,2020-03-15,,,
54,2020-03-16,,,
55,2020-03-17,2.0,2.0,0.0
56,2020-03-18,3.0,1.0,0.0
57,2020-03-19,3.0,0.0,0.0
58,2020-03-20,5.0,2.0,1.0
59,2020-03-21,5.0,0.0,1.0
60,2020-03-22,5.0,0.0,1.0
61,2020-03-23,10.0,5.0,1.0
62,2020-03-24,14.0,4.0,1.0
63,2020-03-25,17.0,3.0,1.0
64,2020-03-26,31.0,14.0,1.0
65,2020-03-27,41.0,10.0,1.0
66,2020-03-28,43.0,2.0,1.0
67,2020-03-29,48.0,5.0,1.0
68,2020-03-30,56.0,8.0,1.0
69,2020-03-31,77.0,21.0,1.0
70,2020-04-01,86.0,9.0,2.0
71,2020-04-02,103.0,17.0,2.0
72,2020-04-03,120.0,17.0,3.0
73,2020-04-04,135.0,15.0,3.0
74,2020-04-05,139.0,4.0,4.0
75,2020-04-06,149.0,10.0,4.0
76,2020-04-07,154.0,5.0,4.0
77,2020-04-08,167.0,13.0,5.0
78,2020-04-09,177.0,10.0,5.0
79,2020-04-10,193.0,16.0,5.0
80,2020-04-11,208.0,15.0,7.0
81,2020-04-12,213.0,5.0,7.0
82,2020-04-13,223.0,10.0,7.0
83,2020-04-14,237.0,14.0,9.0
84,2020-04-15,243.0,6.0,9.0
85,2020-04-16,260.0,17.0,11.0
86,2020-04-17,267.0,7.0,11.0
87,2020-04-18,268.0,1.0,11.0
88,2020-04-19,268.0,0.0,11.0
89,2020-04-20,271.0,3.0,11.0
90,2020-04-21,279.0,8.0,11.0
91,2020-04-22,288.0,9.0,12.0
92,2020-04-23,296.0,8.0,12.0
93,2020-04-24,300.0,4.0,12.0
94,2020-04-25,303.0,3.0,12.0
95,2020-04-26,307.0,4.0,12.0
96,2020-04-27,309.0,2.0,12.0
97,2020-04-28,309.0,0.0,12.0
98,2020-04-29,313.0,4.0,13.0
99,2020-04-30,323.0,10.0,14.0
100,2020-05-01,329.0,6.0,14.0
101,2020-05-02,339.0,10.0,14.0
102,2020-05-03,342.0,3.0,14.0
103,2020-05-04,351.0,9.0,15.0
104,2020-05-05,357.0,6.0,16.0
105,2020-05-06,362.0,5.0,16.0
106,2020-05-07,373.0,11.0,16.0
107,2020-05-08,380.0,7.0,16.0
108,2020-05-09,390.0,10.0,16.0
109,2020-05-10,398.0,8.0,16.0
110,2020-05-11,401.0,3.0,16.0
111,2020-05-12,402.0,1.0,16.0
112,2020-05-13,402.0,0.0,16.0
113,2020-05-14,407.0,5.0,16.0
114,2020-05-15,425.0,18.0,16.0
115,2020-05-16,432.0,7.0,16.0
116,2020-05-17,446.0,14.0,16.0
117,2020-05-18,454.0,8.0,16.0
118,2020-05-19,457.0,3.0,16.0
119,2020-05-20,465.0,8.0,16.0
120,2020-05-21,469.0,4.0,16.0
121,2020-05-22,485.0,16.0,16.0
122,2020-05-23,495.0,10.0,16.0
123,2020-05-24,517.0,22.0,16.0
124,2020-05-25,520.0,3.0,16.0
125,2020-05-26,528.0,8.0,16.0
126,2020-05-27,540.0,12.0,16.0
127,2020-05-28,554.0,14.0,17.0
128,2020-05-29,560.0,6.0,17.0
129,2020-05-30,570.0,10.0,19.0
130,2020-05-31,596.0,26.0,19.0
131,2020-06-01,613.0,17.0,19.0
132,2020-06-02,637.0,24.0,22.0
133,2020-06-03,656.0,19.0,22.0
134,2020-06-04,676.0,20.0,22.0
135,2020-06-05,686.0,10.0,22.0
136,2020-06-06,696.0,10.0,22.0
137,2020-06-07,702.0,6.0,22.0
138,2020-06-08,716.0,14.0,22.0
139,2020-06-09,727.0,11.0,22.0
140,2020-06-10,752.0,25.0,22.0
141,2020-06-11,782.0,30.0,22.0
142,2020-06-12,791.0,9.0,22.0
143,2020-06-13,819.0,28.0,22.0
144,2020-06-14,819.0,0.0,22.0
145,2020-06-15,865.0,46.0,22.0
146,2020-06-16,889.0,24.0,26.0
147,2020-06-17,916.0,27.0,26.0
148,2020-06-18,933.0,17.0,27.0
149,2020-06-19,976.0,43.0,27.0
150,2020-06-20,1016.0,40.0,27.0
151,2020-06-21,1018.0,2.0,27.0
152,2020-06-22,1030.0,12.0,27.0
153,2020-06-23,1054.0,24.0,33.0
154,2020-06-24,1076.0,22.0,33.0
155,2020-06-25,1074.0,,36.0
156,2020-06-26,1103.0,29.0,36.0
157,2020-06-27,1132.0,29.0,35.0
158,2020-06-28,1149.0,17.0,36.0
159,2020-06-29,1172.0,23.0,36.0
160,2020-06-30,1210.0,38.0,36.0
161,2020-07-01,1233.0,23.0,37.0
162,2020-07-02,1257.0,24.0,39.0
163,2020-07-03,1306.0,49.0,39.0
164,2020-07-04,1361.0,55.0,40.0
165,2020-07-05,1367.0,6.0,40.0
166,2020-07-06,1399.0,32.0,40.0
167,2020-07-07,1436.0,37.0,42.0
168,2020-07-08,1479.0,43.0,42.0
169,2020-07-09,1527.0,48.0,42.0
170,2020-07-10,1612.0,85.0,42.0
171,2020-07-11,1657.0,45.0,43.0
172,2020-07-12,1743.0,86.0,44.0
173,2020-07-13,1781.0,38.0,44.0
174,2020-07-14,1806.0,25.0,46.0
175,2020-07-15,1936.0,130.0,46.0
176,2020-07-16,1962.0,26.0,46.0
177,2020-07-17,2077.0,115.0,46.0
178,2020-07-18,2077.0,0.0,46.0
179,2020-07-19,2209.0,132.0,47.0
180,2020-07-20,2220.0,11.0,47.0
181,2020-07-21,2330.0,110.0,48.0
182,2020-07-22,2407.0,77.0,48.0
183,2020-07-23,2466.0,59.0,50.0
184,2020-07-24,2554.0,88.0,53.0
185,2020-07-25,2554.0,0.0,53.0
186,2020-07-26,2642.0,88.0,55.0
187,2020-07-27,2774.0,132.0,56.0
188,2020-07-28,2852.0,78.0,55.0
189,2020-07-29,2957.0,105.0,55.0
190,2020-07-30,3189.0,232.0,56.0
191,2020-07-31,3320.0,131.0,57.0
192,2020-08-01,3396.0,76.0,59.0
193,2020-08-02,3450.0,54.0,59.0
194,2020-08-03,3537.0,87.0,59.0
195,2020-08-04,3639.0,102.0,59.0
196,2020-08-05,3713.0,74.0,61.0
197,2020-08-06,3810.0,97.0,62.0
198,2020-08-07,3909.0,99.0,64.0
199,2020-08-08,3909.0,0.0,64.0
200,2020-08-09,4014.0,105.0,64.0
201,2020-08-10,4083.0,69.0,65.0
202,2020-08-11,4155.0,72.0,66.0
203,2020-08-12,4272.0,117.0,66.0
204,2020-08-13,4363.0,91.0,66.0
205,2020-08-14,4451.0,88.0,66.0
206,2020-08-15,4523.0,72.0,66.0
207,2020-08-16,4560.0,37.0,66.0
208,2020-08-17,4640.0,80.0,66.0
209,2020-08-18,4712.0,72.0,67.0
210,2020-08-19,4758.0,46.0,67.0
211,2020-08-20,4828.0,70.0,70.0
212,2020-08-21,4869.0,41.0,71.0
213,2020-08-22,5005.0,136.0,71.0
214,2020-08-23,5038.0,33.0,71.0
215,2020-08-24,5071.0,33.0,71.0
216,2020-08-25,5116.0,45.0,73.0
217,2020-08-26,5184.0,68.0,75.0
218,2020-08-27,5254.0,70.0,77.0
219,2020-08-28,5324.0,70.0,77.0
220,2020-08-29,5386.0,62.0,77.0
221,2020-08-30,5462.0,76.0,77.0
222,2020-08-31,5521.0,59.0,77.0
223,2020-09-01,5606.0,85.0,78.0
224,2020-09-02,5707.0,101.0,78.0
225,2020-09-03,5773.0,66.0,81.0
226,2020-09-04,5819.0,46.0,82.0
227,2020-09-05,5942.0,123.0,83.0
228,2020-09-06,6002.0,60.0,83.0
229,2020-09-07,6038.0,36.0,83.0
230,2020-09-08,6083.0,45.0,84.0
231,2020-09-09,6168.0,85.0,84.0
232,2020-09-10,6232.0,64.0,85.0
233,2020-09-11,6313.0,81.0,85.0
234,2020-09-12,6407.0,94.0,85.0
235,2020-09-13,6473.0,66.0,87.0
236,2020-09-14,6527.0,54.0,87.0
237,2020-09-15,6609.0,82.0,88.0
238,2020-09-16,6695.0,86.0,89.0
239,2020-09-17,6796.0,101.0,90.0
240,2020-09-18,6912.0,116.0,92.0
241,2020-09-19,6987.0,75.0,92.0
242,2020-09-20,7064.0,77.0,80.0
243,2020-09-21,7141.0,77.0,93.0
244,2020-09-22,7178.0,37.0,95.0
245,2020-09-23,7218.0,40.0,100.0
246,2020-09-24,7291.0,73.0,99.0
247,2020-09-25,7400.0,109.0,99.0
248,2020-09-26,7470.0,70.0,99.0
249,2020-09-27,7512.0,42.0,99.0
250,2020-09-28,7588.0,76.0,101.0
251,2020-09-29,7588.0,0.0,102.0
252,2020-09-30,7460.0,,102.0
253,2020-10-01,7533.0,73.0,102.0
254,2020-10-02,7629.0,96.0,103.0
255,2020-10-03,7629.0,0.0,103.0
256,2020-10-04,7629.0,0.0,103.0
257,2020-10-05,7629.0,0.0,103.0
258,2020-10-06,8279.0,,104.0
259,2020-10-07,8365.0,86.0,107.0
260,2020-10-08,7973.0,,108.0
261,2020-10-09,8069.0,96.0,113.0
262,2020-10-10,8319.0,250.0,116.0
263,2020-10-11,8319.0,0.0,116.0
264,2020-10-12,8319.0,0.0,116.0
265,2020-10-13,8319.0,0.0,116.0
266,2020-10-14,8901.0,582.0,120.0
267,2020-10-15,8977.0,76.0,113.0
268,2020-10-16,9062.0,85.0,113.0
269,2020-10-17,9088.0,26.0,116.0
270,2020-10-18,9174.0,86.0,115.0
271,2020-10-19,9196.0,22.0,115.0
272,2020-10-20,9196.0,0.0,115.0
273,2020-10-21,9384.0,188.0,117.0
274,2020-10-22,9541.0,157.0,118.0
275,2020-10-23,9662.0,121.0,118.0
276,2020-10-24,9765.0,103.0,122.0
277,2020-10-25,9855.0,90.0,123.0
278,2020-10-26,9944.0,89.0,123.0
279,2020-10-27,10033.0,89.0,123.0
280,2020-10-28,10144.0,111.0,126.0
281,2020-10-29,10290.0,146.0,133.0
282,2020-10-30,10365.0,75.0,136.0
283,2020-10-31,10480.0,115.0,140.0
284,2020-11-01,10582.0,102.0,140.0
285,2020-11-02,10777.0,195.0,140.0
286,2020-11-03,10893.0,116.0,142.0
287,2020-11-04,11002.0,109.0,144.0
288,2020-11-05,11224.0,222.0,144.0
289,2020-11-06,11493.0,269.0,144.0
290,2020-11-07,11748.0,255.0,145.0
291,2020-11-08,11979.0,231.0,145.0
292,2020-11-09,12170.0,191.0,145.0
293,2020-11-10,12493.0,323.0,150.0
294,2020-11-11,12717.0,224.0,151.0
295,2020-11-12,12890.0,173.0,152.0
296,2020-11-13,13120.0,230.0,153.0
297,2020-11-14,13748.0,628.0,153.0
298,2020-11-15,13748.0,0.0,153.0
299,2020-11-16,13966.0,218.0,155.0
300,2020-11-17,14380.0,414.0,163.0
301,2020-11-18,14701.0,321.0,165.0
302,2020-11-19,14949.0,248.0,166.0
303,2020-11-20,15213.0,264.0,170.0
304,2020-11-21,15478.0,265.0,171.0
305,2020-11-22,15695.0,217.0,171.0
306,2020-11-23,15920.0,225.0,171.0
307,2020-11-24,16106.0,186.0,175.0
308,2020-11-25,16310.0,204.0,176.0
309,2020-11-26,16601.0,291.0,176.0
310,2020-11-27,16812.0,211.0,176.0
311,2020-11-28,16937.0,125.0,177.0
312,2020-11-29,17136.0,199.0,180.0
313,2020-11-30,17379.0,243.0,180.0
314,2020-12-01,17660.0,281.0,183.0
315,2020-12-02,17812.0,152.0,184.0
316,2020-12-03,18081.0,269.0,185.0
317,2020-12-04,18369.0,288.0,186.0
318,2020-12-05,18654.0,285.0,190.0
319,2020-12-06,18944.0,290.0,190.0
320,2020-12-07,19126.0,182.0,190.0
321,2020-12-08,19335.0,209.0,193.0
322,2020-12-09,19522.0,187.0,193.0
323,2020-12-10,19784.0,262.0,196.0
324,2020-12-11,19784.0,0.0,196.0
325,2020-12-12,20291.0,507.0,197.0
326,2020-12-13,20408.0,117.0,197.0
327,2020-12-14,20584.0,176.0,197.0
328,2020-12-15,20779.0,195.0,205.0
329,2020-12-16,20918.0,139.0,205.0
330,2020-12-17,21082.0,164.0,206.0
331,2020-12-18,21257.0,175.0,207.0
332,2020-12-19,21404.0,147.0,206.0
333,2020-12-20,21519.0,115.0,207.0
334,2020-12-21,21757.0,238.0,207.0
335,2020-12-22,21876.0,119.0,217.0
336,2020-12-23,22116.0,240.0,222.0
337,2020-12-24,22368.0,252.0,229.0
338,2020-12-25,22542.0,174.0,230.0
339,2020-12-26,22654.0,112.0,230.0
340,2020-12-27,22735.0,81.0,230.0
341,2020-12-28,22842.0,107.0,230.0
342,2020-12-29,23016.0,174.0,235.0
343,2020-12-30,23183.0,167.0,239.0
344,2020-12-31,23425.0,242.0,243.0
345,2021-01-01,23679.0,254.0,245.0
346,2021-01-02,23827.0,148.0,245.0
347,2021-01-03,24069.0,242.0,245.0
348,2021-01-04,24069.0,0.0,245.0
349,2021-01-05,24252.0,183.0,258.0
350,2021-01-06,24441.0,189.0,260.0
351,2021-01-07,24721.0,280.0,262.0
352,2021-01-08,24938.0,217.0,263.0
353,2021-01-09,25179.0,241.0,264.0
354,2021-01-10,25384.0,205.0,264.0
355,2021-01-11,25548.0,164.0,264.0
356,2021-01-12,25848.0,300.0,279.0
357,2021-01-13,25970.0,122.0,279.0
358,2021-01-14,26171.0,201.0,280.0
359,2021-01-15,26348.0,177.0,282.0
360,2021-01-16,26508.0,160.0,283.0
361,2021-01-17,26610.0,102.0,283.0
362,2021-01-18,26712.0,102.0,283.0
363,2021-01-19,26775.0,63.0,285.0
364,2021-01-20,26934.0,159.0,290.0
365,2021-01-21,27046.0,112.0,292.0
366,2021-01-22,27169.0,123.0,293.0
367,2021-01-23,27320.0,151.0,297.0
368,2021-01-24,27585.0,265.0,297.0
369,2021-01-25,27634.0,49.0,299.0
370,2021-01-26,27751.0,117.0,305.0
371,2021-01-27,27886.0,135.0,307.0
372,2021-01-28,28001.0,115.0,307.0
373,2021-01-29,28261.0,260.0,308.0
374,2021-01-30,28363.0,102.0,308.0
375,2021-01-31,28420.0,57.0,308.0
376,2021-02-01,28474.0,54.0,308.0
377,2021-02-02,28573.0,99.0,320.0
378,2021-02-03,28660.0,87.0,321.0
379,2021-02-04,28782.0,122.0,323.0
380,2021-02-05,28884.0,102.0,324.0
381,2021-02-06,28972.0,88.0,326.0
382,2021-02-07,29025.0,53.0,327.0
383,2021-02-08,29056.0,31.0,327.0
384,2021-02-09,29160.0,104.0,328.0
385,2021-02-10,29228.0,68.0,328.0
386,2021-02-11,29309.0,81.0,347.0
387,2021-02-12,29388.0,79.0,348.0
388,2021-02-13,29456.0,68.0,352.0
389,2021-02-14,29483.0,27.0,352.0
390,2021-02-15,29495.0,12.0,352.0
391,2021-02-16,29516.0,21.0,354.0
392,2021-02-17,29614.0,98.0,357.0
393,2021-02-18,29741.0,127.0,369.0
394,2021-02-19,29783.0,42.0,369.0
395,2021-02-20,29845.0,62.0,370.0
396,2021-02-21,29875.0,30.0,370.0
397,2021-02-22,29886.0,11.0,370.0
398,2021-02-23,29952.0,66.0,377.0
399,2021-02-24,30008.0,56.0,378.0
400,2021-02-25,30055.0,47.0,378.0
401,2021-02-26,30082.0,27.0,380.0
